b1:	100
b2:	100
beta:	100
d1:	0.1
d2:	0.1
delta:	0.1
sigma1:	0.1
sigma2:	0.1
k1pl:	0.0009118
k2pl:	0.0009118
k1min:	0.001
k2min:	0.001
kappa1:	0.002
kappa2:	0.002
n1:	0.99
n2:	0.99
nmu:	0.99
h:	5
kin:	1
kout:	63300
fmax:	30
fmin:	0
m2min:	0
m2max:	1000
channel:	1
step:	1
MC_steps: 7000
MC_eq: 1000